ImageNo,RoiNo,RoiMean,RoiMedian,RoiMin,RoiMax,RoiTotal,RoiDev,RoiName,RoiCenterX,RoiCenterY,RoiCenterZ,LengthCm,LengthPix,AreaPix2,AreaCm2,RadiusWidthCM,RadiusHeightCM,RadiusWidthPIX,RadiusHeightPIX,RoiType,SOPInstanceUID,SeriesInstanceUID,StudyInstanceUID,NumOfPoints,mmX,mmY,mmZ,pxX,pxY,...
11,0,494.501678,145.000000,0.000000,1981.000000,741258.000000,593.415771,"MEDCONDYLECART",-54.187588,-32.012966,13.209988,4.842126,181.446198,1420.659180,3.387112,0.000000,0.000000,0.000000,0.000000,11,1.2.276.0.7230010.3.1.4.0.468.1642711825.443763,1.3.6.1.4.1.19291.2.1.2.16012510107846664404625371563,1.3.6.1.4.1.19291.2.1.1.16012510107846648592255802234,11,-51.148399,-46.793537,-1.768076,269.140085,254.835222,-52.284863,-41.506840,-0.499050,280.195616,252.156704,-53.201515,-37.187035,1.527522,289.209441,247.941240,-53.993324,-33.412300,4.058262,297.070752,242.701408,-54.703762,-29.961143,7.488316,304.235869,235.624586,-55.148796,-27.708490,11.273587,308.881865,227.838285,-55.452869,-26.090883,15.274500,312.192505,219.619890,-55.595024,-25.186052,19.823540,313.998239,210.289613,-55.418938,-25.694973,25.219242,312.823850,199.246583,-54.932899,-27.663813,29.943130,308.602916,189.601414,-54.183094,-30.937540,32.968925,301.680804,183.453637
12,0,411.499542,126.000000,0.000000,2107.000000,909414.000000,571.860596,"MEDCONDYLECART",-55.070980,-35.131153,10.938688,5.842845,215.910141,2124.654541,5.065566,0.000000,0.000000,0.000000,0.000000,11,1.2.276.0.7230010.3.1.4.0.468.1642711825.443764,1.3.6.1.4.1.19291.2.1.2.16012510107846664404625371563,1.3.6.1.4.1.19291.2.1.1.16012510107846648592255802234,12,-50.516685,-56.774117,-2.383340,248.902736,256.276833,-51.741737,-51.157650,-2.499727,260.677123,256.430762,-53.075451,-44.989716,-1.665991,273.588396,254.630497,-54.211681,-39.690212,-0.146785,284.665805,251.439404,-55.074356,-35.589542,2.395681,293.210029,246.170660,-56.005379,-31.109690,6.118441,302.525462,238.478904,-56.584587,-28.231735,10.074236,308.478679,230.333958,-56.961365,-26.269238,14.276341,312.508180,221.698313,-57.139980,-25.204664,18.688396,314.651461,212.646202,-57.049824,-25.321878,24.035051,314.299067,201.697718,-56.574451,-27.216242,29.219267,310.225029,191.108663,-55.916267,-30.019077,33.152668,304.271812,183.094983
13,0,386.369751,131.000000,5.000000,1981.000000,1047062.000000,551.669189,"MEDCONDYLECART",-56.168583,-37.171349,10.376178,6.443553,232.176880,2651.379395,6.321374,0.000000,0.000000,0.000000,0.000000,11,1.2.276.0.7230010.3.1.4.0.468.1642711825.443765,1.3.6.1.4.1.19291.2.1.2.16012510107846664404625371563,1.3.6.1.4.1.19291.2.1.1.16012510107846648592255802234,13,-51.138908,-60.929428,-1.740779,240.849978,255.054787,-52.377148,-55.304348,-2.793088,252.661087,257.125403,-53.488941,-50.197617,-2.727193,263.363441,256.913653,-54.651649,-44.822014,-2.026889,274.616658,255.398586,-55.635612,-40.215195,-0.395767,284.239948,251.988711,-56.520832,-36.017605,2.028473,292.989671,246.960628,-57.527607,-31.187233,5.802072,303.038803,239.159481,-58.175240,-27.959860,10.394724,309.711660,229.704966,-58.528805,-26.059896,15.390464,313.594261,219.444864,-58.634274,-25.280388,20.716047,315.121830,208.526072,-58.415253,-26.010847,25.670435,313.491905,198.390208,-57.966335,-27.794924,30.653925,309.653058,188.210586,-57.130974,-31.448132,33.917904,301.930829,181.580704
14,0,377.740601,140.000000,0.000000,2040.000000,1245033.000000,527.814087,"MEDCONDYLECART",-57.337547,-38.837841,10.645391,7.085270,251.330063,3248.644043,7.745363,0.000000,0.000000,0.000000,0.000000,11,1.2.276.0.7230010.3.1.4.0.468.1642711825.443766,1.3.6.1.4.1.19291.2.1.2.16012510107846664404625371563,1.3.6.1.4.1.19291.2.1.1.16012510107846648592255802234,15,-51.332180,-66.955307,0.673537,228.841180,250.232195,-52.230091,-62.964207,-1.674620,237.253354,254.981331,-53.565731,-56.901745,-2.901655,249.984711,257.403237,-54.711220,-51.655479,-3.108202,260.984967,257.747362,-56.058746,-45.424171,-2.274924,274.029072,255.947097,-57.171600,-40.221237,-0.562342,284.900201,252.361415,-58.139065,-35.623932,2.262231,294.479735,246.507429,-59.019676,-31.379826,5.906414,303.302613,238.980149,-59.618275,-28.418861,9.753935,309.431962,231.055703,-59.979164,-26.496672,14.544223,313.365266,221.216046,-60.143181,-25.455090,19.749899,315.444527,210.538895,-60.050018,-25.631031,24.286770,314.985192,201.249779,-59.871544,-26.255289,27.800844,313.606614,194.062167,-59.393379,-28.245308,31.491653,309.361893,186.533110,-58.779308,-30.939518,33.733055,303.670148,181.983102
15,0,381.608795,126.000000,0.000000,2195.000000,1457364.000000,555.119019,"MEDCONDYLECART",-58.611465,-40.018936,10.981009,7.539353,261.543182,3690.153076,8.798001,0.000000,0.000000,0.000000,0.000000,11,1.2.276.0.7230010.3.1.4.0.468.1642711825.443767,1.3.6.1.4.1.19291.2.1.2.16012510107846664404625371563,1.3.6.1.4.1.19291.2.1.1.16012510107846648592255802234,15,-52.434376,-68.933044,0.857173,225.361780,249.917314,-53.614403,-63.660770,-1.738622,236.464237,255.154368,-54.729309,-58.616028,-3.047755,247.064091,257.759707,-56.034119,-52.652973,-3.515648,259.571919,258.628336,-57.121376,-47.626774,-2.871011,270.093922,257.232523,-58.367214,-41.818398,-1.247838,282.235844,253.820841,-59.519386,-36.383102,1.400111,293.575306,248.315989,-60.399887,-32.129154,5.230817,302.415089,240.406557,-61.105530,-28.642233,9.702790,309.634403,231.195292,-61.530567,-26.399897,14.956401,314.229466,220.401922,-61.636276,-25.607769,20.489458,315.779324,209.058008,-61.495815,-25.962936,25.709187,314.930714,198.373076,-61.052258,-27.748230,30.226879,311.098600,189.147444,-60.347572,-30.796614,33.581478,304.642277,182.322874,-59.783901,-33.306175,34.981705,299.354313,179.492874
16,0,383.051788,116.000000,0.000000,2132.000000,1516119.000000,576.867371,"MEDCONDYLECART",-59.792976,-41.707745,9.809838,7.693635,269.676880,3860.029053,9.203017,0.000000,0.000000,0.000000,0.000000,11,1.2.276.0.7230010.3.1.4.0.468.1642711825.443768,1.3.6.1.4.1.19291.2.1.2.16012510107846664404625371563,1.3.6.1.4.1.19291.2.1.1.16012510107846648592255802234,15,-53.275028,-72.044563,2.242512,219.482013,247.158308,-54.274799,-67.614822,-0.626584,228.823963,252.967768,-55.367577,-62.697021,-2.393126,239.166890,256.511805,-56.718395,-56.553520,-3.414909,252.064000,258.512103,-58.006763,-50.646580,-3.534025,264.447270,258.667254,-59.324039,-44.533951,-2.336930,277.235371,256.123644,-60.553661,-38.758186,0.040253,289.293873,251.168231,-61.510601,-34.174301,3.494021,298.832737,244.025817,-62.213161,-30.743408,7.210556,305.949665,236.362582,-62.837440,-27.595484,12.303832,312.446049,225.883963,-63.071342,-26.252346,17.162720,315.164273,215.912509,-63.082417,-25.886219,22.846624,315.818249,204.266074,-62.783978,-26.974817,27.916418,313.435353,193.899232,-62.218422,-29.352556,31.848478,308.373165,185.881917,-61.657043,-31.788403,34.387756,303.216984,180.717958
17,0,377.426331,116.000000,0.000000,2156.000000,1657279.000000,573.275940,"MEDCONDYLECART",-60.934704,-43.550426,9.156884,8.065016,278.332458,4255.322754,10.145470,0.000000,0.000000,0.000000,0.000000,11,1.2.276.0.7230010.3.1.4.0.468.1642711825.443769,1.3.6.1.4.1.19291.2.1.2.16012510107846664404625371563,1.3.6.1.4.1.19291.2.1.1.16012510107846648592255802234,15,-54.291630,-74.346832,3.657777,215.297790,244.325867,-55.143623,-70.603676,0.639214,223.203639,250.451767,-56.393620,-65.007248,-1.902463,234.984442,255.573115,-57.716885,-59.012424,-3.324731,247.577917,258.395884,-58.927650,-53.475597,-3.694741,259.190420,259.070437,-60.134117,-47.908104,-3.156178,270.849096,257.883715,-61.363762,-42.164249,-1.356188,282.852249,254.110899,-62.574059,-36.443909,1.620824,294.782583,247.927828,-63.426235,-32.324764,5.365081,303.341543,240.197466,-64.058929,-29.176514,9.767860,309.852377,231.133013,-64.466637,-27.020838,14.893126,314.268377,220.603785,-64.541939,-26.316376,21.361971,315.615812,207.344660,-64.334518,-26.971405,26.716404,314.136030,196.388348,-63.719067,-29.521399,31.672028,308.692350,186.277312,-62.927876,-32.963139,35.093277,301.410208,179.322151
18,0,367.084076,126.000000,0.000000,2180.000000,1785864.000000,550.371521,"MEDCONDYLECART",-62.193810,-44.782967,9.790313,8.586336,289.785767,4808.043945,11.463258,0.000000,0.000000,0.000000,0.000000,11,1.2.276.0.7230010.3.1.4.0.468.1642711825.443770,1.3.6.1.4.1.19291.2.1.2.16012510107846664404625371563,1.3.6.1.4.1.19291.2.1.1.16012510107846648592255802234,15,-55.086056,-77.617348,6.001509,209.065625,239.606416,-56.124908,-73.079834,1.841341,218.659224,248.058440,-57.214241,-68.238976,-1.026794,228.862876,253.859759,-58.733288,-61.371471,-2.917072,243.294822,257.627902,-60.196922,-54.698208,-3.723345,257.298011,259.178866,-61.498821,-48.692028,-3.173071,269.875922,257.961566,-62.832512,-42.469460,-1.352262,282.882011,254.138919,-63.967731,-37.101513,1.484147,294.076556,248.249093,-64.950920,-32.358948,5.626559,303.934255,239.693929,-65.590477,-29.136780,10.793563,310.584770,229.063193,-65.931030,-27.271791,16.235659,314.385162,217.889449,-65.981339,-26.722933,21.967365,315.421180,206.142360,-65.700134,-27.729286,27.093311,313.209564,195.659293,-65.029129,-30.530573,32.115910,307.237865,185.414857,-64.069611,-34.725452,35.887848,298.370156,177.752793
19,0,373.186646,121.000000,0.000000,2170.000000,1933480.000000,563.753479,"MEDCONDYLECART",-63.459164,-46.022007,9.790148,8.819616,296.165741,5069.804199,12.087342,0.000000,0.000000,0.000000,0.000000,11,1.2.276.0.7230010.3.1.4.0.468.1642711825.443771,1.3.6.1.4.1.19291.2.1.2.16012510107846664404625371563,1.3.6.1.4.1.19291.2.1.1.16012510107846648592255802234,16,-56.130344,-79.785271,7.548174,205.160378,236.502842,-57.119411,-75.492043,3.103659,214.247651,245.540889,-58.262688,-70.426689,-0.181334,224.930138,252.192576,-59.603828,-64.390572,-2.338119,237.624825,256.519045,-60.947727,-58.285332,-3.477189,250.444085,258.760134,-62.320927,-51.987919,-3.576358,263.645379,258.868571,-63.603710,-46.030827,-2.329247,276.106499,256.224863,-64.642899,-41.151028,-0.346667,286.294960,252.091071,-65.658638,-36.333206,2.458734,296.337062,246.273029,-66.460205,-32.448929,6.157249,304.404653,238.639875,-67.040482,-29.486145,11.553573,310.506928,227.543375,-67.338470,-27.791430,17.447392,313.941414,215.447058,-67.373199,-27.303968,23.361197,314.845078,203.327940,-67.003769,-28.713905,28.512098,311.787072,192.799826,-66.338631,-31.538530,32.628162,305.784542,184.412372,-65.501709,-35.186211,36.121010,298.069347,177.313675
20,0,374.486969,121.000000,0.000000,2136.000000,1984032.000000,573.292786,"MEDCONDYLECART",-64.454323,-48.543221,9.032229,8.941304,299.886780,5214.465820,12.432242,0.000000,0.000000,0.000000,0.000000,11,1.2.276.0.7230010.3.1.4.0.468.1642711825.443772,1.3.6.1.4.1.19291.2.1.2.16012510107846664404625371563,1.3.6.1.4.1.19291.2.1.1.16012510107846648592255802234,16,-57.234028,-81.642036,9.788816,201.893493,231.973263,-57.847324,-79.049881,5.771499,207.406801,240.161967,-58.809475,-74.828255,2.263756,216.325301,247.282544,-59.992310,-69.575386,-0.914293,227.398675,253.712390,-61.432739,-63.068386,-2.798125,241.074884,257.472750,-62.758503,-57.026615,-3.580764,253.753991,258.984790,-64.094208,-50.872913,-3.167871,266.643869,258.046649,-65.266083,-45.407036,-1.598918,278.068979,254.751185,-66.559624,-39.325638,0.998938,290.763665,249.339213,-67.467209,-34.966202,4.490294,299.831325,242.123193,-68.235252,-31.172909,9.321824,307.685606,232.170949,-68.655853,-29.005978,13.583410,312.142427,223.410422,-68.844810,-27.799780,19.692600,314.548677,210.880347,-68.689613,-28.212685,25.090599,313.575494,199.831164,-68.227547,-30.047619,30.245426,309.626619,189.301385,-67.154671,-34.690094,35.328499,299.794601,178.960783
21,0,389.193176,126.000000,0.000000,2233.000000,2065059.000000,582.672485,"MEDCONDYLECART",-65.934547,-48.751347,9.837239,8.991880,302.287689,5269.449219,12.563333,0.000000,0.000000,0.000000,0.000000,11,1.2.276.0.7230010.3.1.4.0.468.1642711825.443773,1.3.6.1.4.1.19291.2.1.2.16012510107846664404625371563,1.3.6.1.4.1.19291.2.1.1.16012510107846648592255802234,17,-58.479252,-82.990295,9.485218,199.743164,232.646809,-59.193031,-79.906410,6.018250,206.276156,239.700971,-60.198692,-75.484947,2.512475,215.613464,246.814516,-61.436287,-69.974747,-0.557399,227.224055,253.018940,-62.735569,-64.121109,-2.540427,239.532801,256.992283,-64.027527,-58.235512,-3.340918,251.884928,258.543255,-65.249069,-52.628231,-3.332668,263.637568,258.442044,-66.452255,-47.026230,-1.901026,275.350733,255.425747,-67.633705,-41.478306,0.354884,286.934103,250.722122,-68.541763,-37.137718,3.467473,295.969806,244.282113,-69.333199,-33.290180,7.340999,303.956918,236.291094,-69.858192,-30.622612,11.990167,309.455325,226.729245,-70.163750,-28.905579,17.660490,312.941049,215.090322,-70.168098,-28.583885,23.100071,313.506758,203.944935,-69.785019,-30.032537,28.682032,310.358988,192.534567,-69.198929,-32.521095,32.315952,305.070460,185.129521,-68.432991,-35.833569,35.977570,298.054487,177.680136
22,0,371.523193,131.000000,0.000000,2243.000000,2307159.000000,551.275330,"MEDCONDYLECART",-66.493835,-53.195568,10.478724,9.797165,321.520142,6184.207520,14.744285,0.000000,0.000000,0.000000,0.000000,11,1.2.276.0.7230010.3.1.4.0.468.1642711825.443774,1.3.6.1.4.1.19291.2.1.2.16012510107846664404625371563,1.3.6.1.4.1.19291.2.1.1.16012510107846648592255802234,18,-58.740776,-88.370934,17.883837,188.967364,215.558351,-59.306362,-86.029984,13.285788,193.965749,224.940199,-60.049969,-82.849113,9.099086,200.716365,233.466960,-60.891479,-79.222054,4.854833,208.403346,242.104884,-62.102577,-73.856262,1.374110,219.719463,249.152919,-63.373970,-68.157387,-1.090828,231.713451,254.115565,-64.572037,-62.738846,-2.542810,243.099635,257.007846,-65.915497,-56.596992,-2.985417,255.981731,257.821978,-67.190758,-50.726910,-2.683942,268.279353,257.116290,-68.481102,-44.682846,-0.494719,280.903972,252.541797,-69.540268,-39.656837,2.470656,291.379253,246.392985,-70.524376,-34.918495,6.460448,301.231151,238.150447,-71.082474,-32.125095,10.638774,307.002677,229.551032,-71.539902,-29.689369,16.698826,311.987005,217.103110,-71.569603,-29.252720,22.112761,312.794153,206.008510,-71.295006,-30.230059,27.215466,310.643838,195.572602,-70.766586,-32.433548,31.215811,305.945491,187.412809,-69.946335,-35.982761,35.104332,298.428761,179.502272
23,0,396.994324,145.000000,0.000000,2122.000000,2591182.000000,553.758179,"MEDCONDYLECART",-67.217873,-56.946621,9.985076,9.982647,328.925507,6453.927246,15.387346,0.000000,0.000000,0.000000,0.000000,11,1.2.276.0.7230010.3.1.4.0.468.1642711825.443775,1.3.6.1.4.1.19291.2.1.2.16012510107846664404625371563,1.3.6.1.4.1.19291.2.1.1.16012510107846648592255802234,23,-59.780052,-90.381981,22.673376,185.326219,205.810834,-59.988846,-89.705490,17.592169,186.845547,216.207249,-60.546486,-87.391975,13.157166,191.783169,225.255577,-61.437149,-83.519875,9.263287,199.976757,233.172238,-62.103340,-80.654594,5.793051,206.051617,240.236393,-63.184494,-75.865059,2.676062,216.152645,246.548146,-64.258937,-71.076175,0.102389,226.241471,251.747165,-65.061091,-67.454410,-0.980599,233.854274,253.910729,-65.513782,-65.410806,-1.597483,238.149956,255.143417,-65.778031,-64.212988,-1.869098,240.665989,255.681694,-66.803576,-59.551449,-2.692112,250.452950,257.297191,-66.840820,-59.381292,-2.706379,250.809889,257.323853,-67.826732,-54.859803,-2.774985,260.288256,257.396391,-67.939139,-54.343203,-2.763103,261.370795,257.364290,-69.251884,-48.248634,-1.517020,274.120098,254.720616,-70.426033,-42.717339,1.043330,285.662548,249.393719,-71.194740,-39.033859,3.840615,293.327247,243.609358,-72.060593,-34.821896,8.126169,302.069938,234.768996,-72.567955,-32.234741,12.784563,307.399628,225.189463,-72.836609,-30.736019,17.572655,310.445387,215.360675,-72.891113,-30.191553,22.878216,311.480696,204.486420,-72.578979,-31.343699,27.934961,308.964863,194.147261,-71.783096,-34.697460,33.330879,301.827714,183.146566
24,0,541.319702,165.000000,0.000000,2088.000000,1600141.000000,658.179749,"TROCHLEACART",-66.342941,-68.204857,6.461783,7.009737,265.968872,2907.774902,6.932669,0.000000,0.000000,0.000000,0.000000,11,1.2.276.0.7230010.3.1.4.0.468.1642711825.443776,1.3.6.1.4.1.19291.2.1.2.16012510107846664404625371563,1.3.6.1.4.1.19291.2.1.1.16012510107846648592255802234,18,-61.181042,-90.885170,24.714857,184.900380,201.668811,-61.301056,-90.632629,19.336906,185.537032,212.679334,-61.773968,-88.745232,14.231106,189.594909,223.107907,-62.548721,-85.408920,10.269204,196.666854,231.171933,-63.478245,-81.341621,6.678829,205.263526,238.464063,-64.556923,-76.593559,3.018809,215.288466,245.888600,-65.687032,-71.546360,0.496122,225.917689,250.979312,-65.729494,-71.355687,0.420003,226.318859,251.132343,-66.466683,-68.022432,-0.488677,233.323465,252.943255,-67.044792,-65.410406,-1.236102,238.813166,254.434749,-67.317775,-64.170684,-1.474989,241.416378,254.905363,-68.325007,-59.571251,-1.902141,251.065268,255.711049,-68.588416,-58.365464,-1.960685,253.593750,255.812823,-69.079156,-56.105106,-1.818675,258.328615,255.487997,-69.986443,-51.914898,-1.353466,267.101962,254.472230,-71.280937,-45.857765,0.728107,279.756108,250.118002,-72.120743,-41.865257,3.212911,288.074754,244.968965,-72.877274,-38.218399,6.357519,295.655801,238.473818
25,0,573.520752,184.000000,0.000000,2204.000000,1615608.000000,662.271912,"TROCHLEACART",-67.763756,-68.727951,6.504448,6.813424,259.038727,2740.547119,6.533967,0.000000,0.000000,0.000000,0.000000,11,1.2.276.0.7230010.3.1.4.0.468.1642711825.443777,1.3.6.1.4.1.19291.2.1.2.16012510107846664404625371563,1.3.6.1.4.1.19291.2.1.1.16012510107846648592255802234,14,-62.658276,-91.223946,23.411955,184.885867,204.373794,-62.902828,-90.412155,17.811155,186.699139,215.832326,-63.409065,-88.331970,13.422851,191.146773,224.788527,-64.137817,-85.195404,9.666495,197.795954,232.434580,-65.014961,-81.345924,6.483587,205.927942,238.895483,-66.166481,-76.260628,2.876418,216.658674,246.206700,-66.979580,-72.614888,1.319791,224.331181,249.339945,-67.287102,-71.232338,0.797638,227.239409,250.388557,-68.595215,-65.308510,-0.650340,239.684603,253.265033,-70.068520,-58.571781,-1.113087,253.813952,254.111478,-71.252632,-53.106537,-0.568610,265.258169,252.914205,-72.176331,-48.775127,1.084649,274.303787,249.463121,-73.049393,-44.637852,3.427251,282.928714,244.603151,-74.215378,-39.032314,8.001039,294.586567,235.151522
26,0,563.482178,184.000000,0.000000,2136.000000,1610432.000000,648.481079,"TROCHLEACART",-68.431450,-72.513260,10.054385,6.877965,259.226349,2839.390381,6.769627,0.000000,0.000000,0.000000,0.000000,11,1.2.276.0.7230010.3.1.4.0.468.1642711825.443778,1.3.6.1.4.1.19291.2.1.2.16012510107846664404625371563,1.3.6.1.4.1.19291.2.1.1.16012510107846648592255802234,14,-64.189827,-90.979568,28.127207,185.973557,194.744508,-64.158264,-91.263756,25.615494,185.428025,199.892896,-64.257492,-91.029770,21.622959,185.998145,208.066297,-64.460716,-90.290001,18.143845,187.618132,215.180584,-64.940498,-88.344589,13.514629,191.788088,224.632212,-65.722824,-84.982338,9.394104,198.917563,233.020722,-66.732086,-80.546730,5.845497,208.285363,240.221771,-67.926453,-75.207977,3.261485,219.526912,245.433699,-69.153938,-69.688065,1.203445,231.137682,249.565687,-70.841492,-62.024651,-0.281287,247.229749,252.491287,-72.291039,-55.325390,0.546298,261.254811,250.695629,-73.663010,-48.913925,2.604908,274.652087,246.383107,-74.459778,-45.152840,4.479138,282.497900,242.488044,-75.242905,-41.436028,6.683701,290.244296,237.917096
27,0,736.598267,242.000000,5.000000,2122.000000,1255900.000000,728.600952,"TROCHLEACART",-69.123489,-76.426353,9.287223,5.503702,213.915756,1651.404297,3.937251,0.000000,0.000000,0.000000,0.000000,11,1.2.276.0.7230010.3.1.4.0.468.1642711825.443779,1.3.6.1.4.1.19291.2.1.2.16012510107846664404625371563,1.3.6.1.4.1.19291.2.1.1.16012510107846648592255802234,13,-65.727219,-91.033890,26.974739,186.552284,197.137115,-65.852745,-90.730759,22.052851,187.285874,207.212841,-66.282394,-89.105980,15.792268,190.816324,220.010428,-66.997360,-86.074654,11.279107,197.260038,229.208035,-67.967377,-81.839691,7.360966,206.214678,237.168929,-68.953850,-77.471039,4.490895,215.428606,242.981312,-69.863408,-73.384819,2.893581,224.025167,246.191265,-70.189546,-71.921302,2.290742,227.104709,247.403906,-71.635251,-65.390942,0.391610,240.830186,251.195243,-71.703945,-65.077420,0.359535,241.487963,251.256219,-72.381101,-61.969480,0.356551,248.002235,251.215611,-73.107693,-58.638892,0.276498,254.984719,251.329499,-74.526016,-52.030186,2.055356,268.800996,247.586941
28,0,731.421326,247.000000,0.000000,2248.000000,1152720.000000,720.769165,"TROCHLEACART",-70.952812,-75.074020,9.336721,5.296767,205.090469,1559.795288,3.718838,0.000000,0.000000,0.000000,0.000000,11,1.2.276.0.7230010.3.1.4.0.468.1642711825.443780,1.3.6.1.4.1.19291.2.1.2.16012510107846664404625371563,1.3.6.1.4.1.19291.2.1.1.16012510107846648592255802234,13,-67.284973,-90.925240,27.074755,187.447595,196.962108,-67.485886,-90.341415,20.975172,188.793017,209.445607,-68.088104,-87.931290,14.593156,193.971987,222.480069,-68.942871,-84.269760,9.873211,201.740725,232.091725,-69.949745,-79.842293,6.375214,211.090456,239.189244,-71.193939,-74.292747,3.468506,222.780260,245.058896,-72.047879,-70.416025,2.696689,230.921236,246.581342,-72.372896,-68.939428,2.422497,234.021642,247.120703,-72.868480,-66.676166,2.216407,238.769541,247.508759,-73.653763,-63.080147,2.065297,246.309773,247.764176,-74.793519,-57.812722,2.714176,257.337287,246.356045,-75.085074,-56.450867,3.140315,260.183234,245.462813,-75.764778,-53.285702,3.958292,266.801068,243.739981
29,0,743.071167,262.000000,5.000000,2083.000000,1064821.000000,724.872253,"TROCHLEACART",-71.888016,-77.713631,11.405680,4.928110,190.223450,1367.633301,3.260689,0.000000,0.000000,0.000000,0.000000,11,1.2.276.0.7230010.3.1.4.0.468.1642711825.443781,1.3.6.1.4.1.19291.2.1.2.16012510107846664404625371563,1.3.6.1.4.1.19291.2.1.1.16012510107846648592255802234,10,-68.769577,-91.080887,28.463371,187.763201,194.151976,-68.908356,-90.736671,23.185476,188.590015,204.956206,-69.278244,-89.347984,17.613596,191.611881,216.346835,-69.972862,-86.433517,12.678104,197.819080,226.411158,-70.905891,-82.377510,8.593620,206.401951,234.715422,-71.896515,-77.972702,6.032290,215.685505,239.894950,-73.043396,-72.801422,4.358648,226.557850,243.244902,-74.316246,-66.989731,3.806649,238.750115,244.288063,-75.411835,-61.945610,4.084535,249.317005,243.643104,-76.377235,-57.450340,5.240493,258.715983,241.208057
30,0,763.330261,252.000000,5.000000,2088.000000,1081639.000000,733.256287,"TROCHLEACART",-73.023071,-79.452507,13.176052,4.856072,186.539124,1349.118896,3.216547,0.000000,0.000000,0.000000,0.000000,11,1.2.276.0.7230010.3.1.4.0.468.1642711825.443782,1.3.6.1.4.1.19291.2.1.2.16012510107846664404625371563,1.3.6.1.4.1.19291.2.1.1.16012510107846648592255802234,10,-70.295746,-91.043442,29.893290,188.482731,191.254330,-70.397614,-90.861343,24.747234,188.967102,201.790991,-70.696594,-89.767906,19.719599,191.359277,212.071404,-71.239784,-87.507324,15.526427,196.181125,220.625263,-71.941780,-84.492905,11.781653,202.574057,228.249440,-72.776398,-80.852737,8.344195,210.272419,235.234809,-73.839706,-76.126625,5.560831,220.233860,240.864227,-75.134377,-70.228409,4.762587,232.612379,242.410393,-76.305862,-64.837761,5.007778,243.906239,241.827197,-77.602829,-58.806595,6.416950,256.519379,238.850465
31,0,812.569336,320.000000,0.000000,2127.000000,1096156.000000,757.230164,"TROCHLEACART",-74.300812,-80.543373,14.821895,4.757405,183.567474,1276.501465,3.043413,0.000000,0.000000,0.000000,0.000000,11,1.2.276.0.7230010.3.1.4.0.468.1642711825.443783,1.3.6.1.4.1.19291.2.1.2.16012510107846664404625371563,1.3.6.1.4.1.19291.2.1.1.16012510107846648592255802234,10,-71.836456,-90.939713,31.315479,189.341336,188.371540,-71.837090,-91.172951,27.058594,188.937432,197.093367,-72.081810,-90.293831,22.657743,190.867887,206.093318,-72.486252,-88.695938,17.997953,194.310058,215.612798,-73.137688,-85.946609,13.658141,200.159243,224.459624,-73.923317,-82.517204,10.474881,207.410769,230.927558,-74.972275,-77.875854,7.350620,217.201339,237.256430,-76.269783,-72.012115,5.696296,229.524711,240.556412,-77.652679,-65.669006,5.618785,242.821352,240.619798,-78.810791,-60.310535,6.390463,254.037251,238.958803
32,0,854.053833,562.000000,5.000000,2238.000000,1189697.000000,750.025024,"TROCHLEACART",-75.781708,-80.784637,14.973502,4.779584,183.382599,1315.428955,3.136224,0.000000,0.000000,0.000000,0.000000,11,1.2.276.0.7230010.3.1.4.0.468.1642711825.443784,1.3.6.1.4.1.19291.2.1.2.16012510107846664404625371563,1.3.6.1.4.1.19291.2.1.1.16012510107846648592255802234,10,-73.360481,-90.938477,32.270367,189.994455,186.447324,-73.332993,-91.301109,28.007187,189.319459,195.183995,-73.525276,-90.680794,23.279802,190.713984,204.856599,-73.993721,-88.814888,18.155666,194.727179,215.323043,-74.662552,-86.005928,13.451748,200.708609,224.914683,-75.494453,-82.387672,9.843748,208.364447,232.249663,-76.590302,-77.522110,6.881519,218.621740,238.243323,-77.786720,-72.097519,5.675490,230.015707,240.631774,-78.948875,-66.765892,5.628753,241.191671,240.647346,-80.121719,-61.331989,6.540757,252.562867,238.697823
33,0,934.125549,906.000000,5.000000,2156.000000,1086388.000000,770.024109,"TROCHLEACART",-76.976311,-82.304352,15.767784,4.446695,171.642929,1113.991211,2.655959,0.000000,0.000000,0.000000,0.000000,11,1.2.276.0.7230010.3.1.4.0.468.1642711825.443785,1.3.6.1.4.1.19291.2.1.2.16012510107846664404625371563,1.3.6.1.4.1.19291.2.1.1.16012510107846648592255802234,9,-74.816429,-91.290955,32.481342,189.921004,186.052022,-74.790283,-91.669151,27.827118,189.221198,195.589791,-75.073059,-90.682228,22.220451,191.401679,207.057715,-75.618393,-88.478081,16.832108,196.129096,218.060183,-76.345856,-85.361679,12.818870,202.741142,226.232650,-77.217850,-81.530113,9.739057,210.833533,232.482673,-78.422562,-76.153763,6.977532,222.157417,238.057593,-79.555290,-71.001205,6.137310,232.973897,239.700949,-80.947075,-64.571960,6.876296,246.434762,238.090801
34,0,916.390808,770.000000,5.000000,2311.000000,1158318.000000,780.068970,"TROCHLEACART",-78.560181,-82.088913,15.632052,4.555022,175.261795,1180.108643,2.813595,0.000000,0.000000,0.000000,0.000000,11,1.2.276.0.7230010.3.1.4.0.468.1642711825.443786,1.3.6.1.4.1.19291.2.1.2.16012510107846664404625371563,1.3.6.1.4.1.19291.2.1.1.16012510107846648592255802234,9,-76.243217,-91.765717,32.901199,189.587120,185.230726,-76.259056,-91.991547,27.519297,189.221199,196.256549,-76.540405,-90.998779,22.136045,191.409462,207.266803,-77.044159,-88.970314,17.021334,195.763176,217.711501,-77.857216,-85.486595,12.547335,203.154320,226.822109,-79.059296,-80.174995,8.835943,214.361443,234.343383,-80.124939,-75.411072,6.540786,224.392387,238.972373,-81.383980,-69.658157,6.071486,236.459816,239.847035,-82.529350,-64.343102,7.115048,247.579287,237.629860
35,0,959.899475,945.000000,15.000000,2127.000000,1098125.000000,765.063721,"TROCHLEACART",-79.999214,-82.552895,15.233498,4.502275,174.380600,1126.836914,2.686586,0.000000,0.000000,0.000000,0.000000,11,1.2.276.0.7230010.3.1.4.0.468.1642711825.443787,1.3.6.1.4.1.19291.2.1.2.16012510107846664404625371563,1.3.6.1.4.1.19291.2.1.1.16012510107846648592255802234,9,-77.642868,-92.451454,31.763020,188.842123,187.603576,-77.658844,-92.634254,27.145662,188.551112,197.062905,-77.979118,-91.498817,21.113777,191.051356,209.399461,-78.548874,-89.138535,16.519320,196.090190,218.773663,-79.371284,-85.605408,12.162257,203.582545,227.644036,-80.346214,-81.297783,9.147374,212.671458,233.753922,-81.538277,-75.967697,6.597980,223.894145,238.895081,-82.827789,-70.083214,5.979347,236.240303,240.073605,-84.079628,-64.298874,6.672724,248.350395,238.566581
36,0,730.132812,247.000000,0.000000,2146.000000,1352206.000000,719.774109,"TROCHLEACART",-82.024300,-80.346436,14.482059,5.493138,209.043930,1774.516235,4.230772,0.000000,0.000000,0.000000,0.000000,11,1.2.276.0.7230010.3.1.4.0.468.1642711825.443788,1.3.6.1.4.1.19291.2.1.2.16012510107846664404625371563,1.3.6.1.4.1.19291.2.1.1.16012510107846648592255802234,10,-79.030113,-93.068420,32.890671,188.196032,185.334830,-79.032288,-93.366119,27.344553,187.682757,196.698049,-79.382553,-92.092873,21.315037,190.471802,209.027670,-80.032509,-89.398834,16.101341,196.222530,219.665084,-80.825600,-85.994759,11.843519,203.442409,228.334151,-81.844589,-81.486893,8.792954,212.951732,234.514106,-82.856728,-76.954575,6.749569,222.492214,238.630927,-84.204216,-70.830330,5.655703,235.350399,240.779143,-85.754364,-63.687485,6.156105,250.311748,239.646918,-87.280052,-56.583996,7.971140,265.164367,235.822836
37,0,623.427856,208.000000,0.000000,2088.000000,1446976.000000,672.264038,"TROCHLEACART",-83.827423,-79.094070,14.897764,6.238432,234.299072,2333.786865,5.564176,0.000000,0.000000,0.000000,0.000000,11,1.2.276.0.7230010.3.1.4.0.468.1642711825.443789,1.3.6.1.4.1.19291.2.1.2.16012510107846664404625371563,1.3.6.1.4.1.19291.2.1.1.16012510107846648592255802234,12,-80.592552,-92.840080,34.761116,189.306852,181.532104,-80.378395,-94.054008,30.598019,186.845548,190.076604,-80.500397,-93.775131,25.530361,187.531217,200.451234,-80.873878,-92.340553,20.488167,190.638715,210.756349,-81.506523,-89.712738,15.513234,196.245878,220.905755,-82.341583,-86.119896,11.185878,203.862806,229.714402,-83.306458,-81.843063,8.447630,212.881650,235.258180,-84.509453,-76.442665,6.261292,224.244474,239.654717,-86.025368,-69.531822,5.411732,238.746488,241.290765,-87.419907,-63.111526,5.762119,252.196363,240.476632,-88.676155,-57.290634,6.749295,264.377210,238.367341,-89.798386,-52.066719,8.064349,275.300237,235.595505
38,0,585.811707,189.000000,5.000000,2054.000000,1468630.000000,659.745361,"TROCHLEACART",-86.081367,-75.920250,12.648948,6.511968,248.493378,2427.578613,5.787792,0.000000,0.000000,0.000000,0.000000,11,1.2.276.0.7230010.3.1.4.0.468.1642711825.443790,1.3.6.1.4.1.19291.2.1.2.16012510107846664404625371563,1.3.6.1.4.1.19291.2.1.1.16012510107846648592255802234,12,-81.743423,-94.806854,31.114717,185.926862,189.061155,-81.839981,-94.638618,26.157848,186.378416,199.210561,-82.251282,-93.092033,20.005638,189.742826,211.787355,-82.860420,-90.549164,15.443785,195.163709,221.092042,-83.756157,-86.691170,10.876076,203.341184,230.388948,-84.787865,-82.123657,7.847879,212.975080,236.522188,-86.008804,-76.619217,6.052072,224.548167,240.117347,-87.421547,-70.188766,5.079448,238.045751,242.012650,-88.651611,-64.527702,5.352217,249.905843,241.368904,-89.989494,-58.326183,6.446485,262.882335,239.034541,-91.224586,-52.581249,7.815329,274.896333,236.144713,-92.441185,-46.898380,9.595837,286.772048,232.412702
39,0,576.971130,184.000000,5.000000,2044.000000,1557245.000000,655.404846,"TROCHLEACART",-87.846489,-74.908081,11.878561,6.749863,257.084137,2625.765137,6.260306,0.000000,0.000000,0.000000,0.000000,11,1.2.276.0.7230010.3.1.4.0.468.1642711825.443791,1.3.6.1.4.1.19291.2.1.2.16012510107846664404625371563,1.3.6.1.4.1.19291.2.1.1.16012510107846648592255802234,12,-83.100327,-95.647598,30.719217,184.842152,189.915284,-83.214516,-95.436684,25.073410,185.396910,201.475015,-83.690475,-93.570122,19.339180,189.423644,213.190961,-84.411217,-90.563911,13.895807,195.833266,224.294083,-85.308167,-86.693626,9.449107,204.034102,233.342965,-86.580460,-81.022507,6.409009,215.981383,239.483994,-88.098602,-74.136520,4.927242,230.443908,242.415200,-89.490044,-67.767517,4.608990,243.799642,242.971247,-90.809074,-61.696098,4.918041,256.519104,242.247030,-92.023766,-56.058208,6.045055,268.313572,239.854075,-93.198975,-50.581657,7.530306,279.762728,236.729872,-94.232285,-45.722488,9.627371,289.905641,232.361928
40,0,403.434875,155.000000,0.000000,2035.000000,2648550.000000,534.015869,"LATCONDYLECART",-91.874649,-63.276234,15.299048,10.119701,326.832855,6482.479492,15.455420,0.000000,0.000000,0.000000,0.000000,11,1.2.276.0.7230010.3.1.4.0.468.1642711825.443792,1.3.6.1.4.1.19291.2.1.2.16012510107846664404625371563,1.3.6.1.4.1.19291.2.1.1.16012510107846648592255802234,22,-84.442093,-96.512886,31.133837,183.689814,189.110593,-84.622154,-96.033043,24.885084,184.820277,201.901148,-85.064697,-94.315247,19.234915,188.533536,213.447179,-85.744850,-91.487038,13.940880,194.567097,224.247121,-86.681000,-87.431801,9.584611,203.153767,233.108011,-87.804718,-82.451195,6.389965,213.656835,239.575944,-89.100372,-76.607277,4.532093,225.942707,243.293112,-90.348076,-70.916191,3.886470,237.884048,244.529822,-91.532051,-65.464615,4.196628,249.304299,243.812640,-92.284267,-61.994833,4.505776,256.570766,243.127321,-92.800440,-59.613752,4.719819,261.557212,242.653154,-92.929231,-59.019410,4.777430,262.801792,242.526230,-93.434349,-56.687485,5.020011,267.684642,241.994353,-94.165291,-53.321529,5.217741,274.735716,241.538781,-95.279160,-48.118855,6.841568,285.608061,238.134881,-96.207390,-43.677242,10.106454,294.852489,231.381457,-96.864464,-40.497696,13.055813,301.457923,225.293209,-97.275475,-38.399529,16.871029,305.779524,217.447908,-97.404671,-37.574619,21.051458,307.425077,208.873767,-97.262421,-37.912689,26.727360,306.603208,197.254298,-96.840813,-39.562206,31.876945,303.043071,186.732481,-96.175797,-42.358017,36.502426,297.090760,177.301282
41,0,416.826935,155.000000,0.000000,2015.000000,2904450.000000,548.568420,"LATCONDYLECART",-92.894859,-65.698624,14.250331,10.394576,336.714783,6868.380371,16.375479,0.000000,0.000000,0.000000,0.000000,11,1.2.276.0.7230010.3.1.4.0.468.1642711825.443793,1.3.6.1.4.1.19291.2.1.2.16012510107846664404625371563,1.3.6.1.4.1.19291.2.1.1.16012510107846648592255802234,22,-85.812210,-97.223351,31.994007,182.853084,187.391079,-85.911133,-97.108162,25.885109,183.216430,199.900693,-86.317070,-95.587875,19.702688,186.526336,212.539765,-86.901535,-93.165344,15.013279,191.697524,222.107491,-87.600700,-90.169991,11.159780,198.052657,229.954637,-88.473396,-86.343590,7.928754,206.137252,236.514413,-89.427757,-82.079292,5.834230,215.116970,240.740008,-90.719193,-76.278595,3.546557,227.320830,245.338075,-92.021072,-70.353119,2.643673,239.758590,247.098138,-93.130005,-65.248886,2.901360,250.451873,246.493653,-93.595022,-63.090421,3.335054,254.967344,245.572971,-94.191458,-60.334822,3.659225,260.736566,244.867624,-94.423401,-59.263691,3.776883,262.979313,244.610549,-95.001412,-56.599403,3.979731,268.559591,244.155055,-95.784241,-52.992722,4.223607,276.114287,243.601365,-97.095772,-46.870148,6.075279,288.910186,239.716996,-98.019798,-42.464779,9.034080,298.084746,233.590989,-98.706177,-39.098557,12.923975,305.062697,225.573670,-99.036652,-37.287277,18.231628,308.753181,214.676086,-98.970421,-37.270630,24.012123,308.672714,202.837088,-98.635864,-38.465672,30.151299,306.045382,190.281688,-98.015366,-41.003696,35.739983,300.614162,178.873937
42,0,409.175018,150.000000,0.000000,2069.000000,2941150.000000,551.673706,"LATCONDYLECART",-94.620461,-64.802849,14.651994,10.580448,341.815613,7064.931152,16.844091,0.000000,0.000000,0.000000,0.000000,11,1.2.276.0.7230010.3.1.4.0.468.1642711825.443794,1.3.6.1.4.1.19291.2.1.2.16012510107846664404625371563,1.3.6.1.4.1.19291.2.1.1.16012510107846648592255802234,22,-87.150047,-98.207298,30.594524,181.488246,190.303556,-87.225304,-98.153755,25.332785,181.705490,201.079065,-87.605042,-96.711670,19.908224,184.836349,212.167169,-88.135101,-94.502762,15.869381,189.546798,220.405736,-89.071007,-90.493645,10.702476,198.053001,230.927554,-90.067162,-86.125679,7.018790,207.281723,238.406259,-91.300613,-80.614922,4.301629,218.886444,243.888307,-92.685028,-74.359894,2.510333,232.032684,247.462930,-94.063980,-68.032089,2.482889,245.296249,247.424005,-95.150492,-63.008040,3.150321,255.813282,245.981539,-95.423306,-61.750699,3.242983,258.446808,245.772862,-95.989058,-59.152635,3.266219,263.891873,245.686217,-96.729114,-55.758766,3.213112,271.006431,245.743964,-96.902234,-54.962803,3.237496,272.674276,245.682058,-97.957367,-50.100502,3.585351,282.858688,244.896524,-99.111931,-44.640587,6.479393,294.244858,238.887292,-100.060516,-40.031166,11.084326,303.814255,229.386854,-100.548889,-37.543819,15.514770,308.939285,220.275686,-100.660927,-36.696526,21.518623,310.595357,207.966740,-100.505737,-37.119492,26.734348,309.604741,197.291018,-100.065948,-38.848450,31.955845,305.876636,186.623106,-99.420639,-41.561771,36.438053,300.100105,177.484094
43,0,409.451324,145.000000,0.000000,2044.000000,3024617.000000,561.927429,"LATCONDYLECART",-96.134674,-64.956207,13.632291,10.754553,347.786407,7284.603027,17.367830,0.000000,0.000000,0.000000,0.000000,11,1.2.276.0.7230010.3.1.4.0.468.1642711825.443795,1.3.6.1.4.1.19291.2.1.2.16012510107846664404625371563,1.3.6.1.4.1.19291.2.1.1.16012510107846648592255802234,22,-88.535797,-98.924080,30.047163,180.666393,191.466839,-88.618210,-98.834770,24.838066,180.957551,202.133998,-88.973831,-97.486328,19.721022,183.885987,212.593711,-89.550674,-95.065201,15.637133,189.042161,220.921329,-90.311676,-91.819267,11.183610,195.934479,229.993571,-91.173927,-88.059479,7.616114,203.886170,237.243464,-92.496902,-82.171989,4.283081,216.292801,243.981189,-93.868912,-75.990036,2.200705,229.291672,248.153064,-95.161758,-70.073906,1.877061,241.698288,248.726954,-96.429321,-64.200989,2.866299,253.988129,246.612658,-96.956302,-61.776549,2.967691,259.067687,246.368549,-97.763248,-58.074644,2.932911,266.827539,246.384121,-97.767107,-58.057092,2.930034,266.864396,246.389751,-98.855492,-53.078259,2.626889,277.306031,246.935756,-99.569427,-49.774105,3.117725,284.221711,245.880832,-100.444878,-45.645386,5.108932,292.835709,241.740657,-101.476288,-40.665047,9.547413,303.185883,232.575549,-102.099762,-37.512508,14.790535,309.688927,221.789958,-102.334129,-36.116009,20.572767,312.500573,209.926646,-102.216866,-36.362064,25.840099,311.879744,199.142579,-101.794121,-38.010044,31.111353,308.320386,188.371544,-101.015762,-41.268604,36.772842,301.377458,176.825514
44,0,394.991211,140.000000,0.000000,2054.000000,3060392.000000,563.569336,"LATCONDYLECART",-97.625359,-65.103470,14.668523,11.088150,354.170959,7697.264648,18.351690,0.000000,0.000000,0.000000,0.000000,11,1.2.276.0.7230010.3.1.4.0.468.1642711825.443796,1.3.6.1.4.1.19291.2.1.2.16012510107846664404625371563,1.3.6.1.4.1.19291.2.1.1.16012510107846648592255802234,20,-89.931099,-99.540161,30.524420,180.035145,190.530117,-89.929489,-99.775764,26.410219,179.623432,198.959758,-90.325272,-98.241180,21.325947,182.941381,209.349545,-90.792137,-96.360237,16.603426,186.978080,218.993243,-91.582794,-92.990967,11.919950,194.133506,228.534598,-92.561455,-88.734970,7.665589,203.138927,237.183769,-93.660194,-83.857491,4.678821,213.421685,243.227488,-95.008606,-77.771721,2.815739,226.214584,246.951683,-96.288338,-71.937859,2.093924,238.456704,248.342302,-97.791946,-65.023720,2.322016,252.944126,247.771211,-99.226639,-58.458397,1.964087,266.712142,248.405567,-100.451714,-52.825375,2.144461,278.515288,247.951464,-101.785851,-46.577461,4.385257,291.566133,243.268258,-102.722496,-42.087772,7.819830,300.907927,236.166587,-103.474167,-38.406479,11.987317,308.540701,227.576008,-103.838707,-36.475002,16.642559,312.496147,218.012780,-103.912849,-35.792725,22.807636,313.803170,205.376129,-103.702789,-36.464245,28.083210,312.290368,194.581575,-103.191017,-38.543373,32.948212,307.835443,184.649045,-102.329567,-42.204510,38.227837,300.056371,173.891143
45,0,396.894043,145.000000,0.000000,2054.000000,3176740.000000,557.993164,"LATCONDYLECART",-99.407082,-64.005165,14.077357,11.270228,359.170288,7925.152832,18.895018,0.000000,0.000000,0.000000,0.000000,11,1.2.276.0.7230010.3.1.4.0.468.1642711825.443797,1.3.6.1.4.1.19291.2.1.2.16012510107846664404625371563,1.3.6.1.4.1.19291.2.1.1.16012510107846648592255802234,23,-91.304626,-100.296165,30.280987,179.124982,191.071529,-91.447319,-99.971115,24.333586,179.924978,203.247244,-91.891785,-98.225449,19.026129,183.689803,214.090935,-92.610603,-95.240074,13.366653,190.060076,225.636966,-93.422424,-91.733147,9.413073,197.489456,233.681388,-94.323273,-87.789665,5.963339,205.823799,240.687338,-95.451515,-82.757858,3.317827,216.423218,246.029825,-96.622658,-77.462822,1.867572,227.550501,248.920432,-97.883842,-71.683327,1.700405,239.667622,249.175903,-98.829666,-67.328401,1.946256,248.790583,248.606915,-99.135521,-65.922264,1.987289,251.737017,248.501735,-100.462433,-59.854671,1.575378,264.462847,249.254138,-101.196295,-56.485018,1.597855,271.525175,249.157445,-101.814240,-53.653500,1.511120,277.461718,249.292514,-102.909569,-48.541138,3.040842,288.146655,246.082698,-103.996262,-43.391445,5.958453,298.882143,240.029856,-104.748932,-39.740814,9.489894,306.463354,232.742396,-105.257866,-37.142235,14.224183,311.815447,223.007266,-105.483795,-35.815872,19.440798,314.491404,212.303424,-105.421288,-35.772747,25.390177,314.463046,200.118129,-105.094711,-36.987049,30.521717,311.815447,189.626720,-104.448624,-39.708954,34.913063,306.022730,180.673930,-103.817429,-42.418140,38.301987,300.276668,173.773965
46,0,385.357239,145.000000,0.000000,2117.000000,3095960.000000,547.799500,"LATCONDYLECART",-101.118942,-63.185432,14.244809,11.274086,358.956726,7926.620117,18.898516,0.000000,0.000000,0.000000,0.000000,11,1.2.276.0.7230010.3.1.4.0.468.1642711825.443798,1.3.6.1.4.1.19291.2.1.2.16012510107846664404625371563,1.3.6.1.4.1.19291.2.1.1.16012510107846648592255802234,21,-92.781105,-100.651535,28.741091,179.080452,194.262129,-92.896820,-100.389458,23.891220,179.726540,204.190982,-93.424568,-98.293625,18.004869,184.236883,216.215034,-94.136841,-95.310753,12.841609,190.592000,226.744815,-95.106529,-91.119530,8.161755,199.470159,236.266384,-96.168205,-86.441185,4.651866,209.345968,243.384487,-97.278450,-81.454788,2.676836,219.836828,247.354488,-98.648468,-75.221931,1.677209,232.920782,249.308078,-99.883614,-69.555840,1.620411,244.797994,249.339222,-101.218491,-63.442017,1.382477,257.617238,249.734607,-102.515633,-57.498585,1.194938,270.078359,250.029338,-103.864815,-51.268341,1.872279,283.123388,248.548442,-105.000839,-45.929794,4.112292,294.268224,243.880527,-105.888245,-41.685608,7.195825,303.102453,237.501484,-106.472839,-38.784058,11.131264,309.105528,229.397876,-106.870270,-36.699619,15.822560,313.380872,219.758514,-106.982681,-35.891438,21.090498,314.969655,208.957355,-106.861290,-36.130562,26.824188,314.354047,197.218053,-106.469971,-37.655792,31.707932,311.059705,187.238813,-105.864388,-40.224136,35.516483,305.600454,179.477305,-105.163750,-43.245468,39.023403,299.197770,172.340375
47,0,385.426666,145.000000,5.000000,2049.000000,3046027.000000,554.207520,"LATCONDYLECART",-102.551796,-63.681778,13.774088,11.180762,359.676392,7845.856934,18.705961,0.000000,0.000000,0.000000,0.000000,11,1.2.276.0.7230010.3.1.4.0.468.1642711825.443799,1.3.6.1.4.1.19291.2.1.2.16012510107846664404625371563,1.3.6.1.4.1.19291.2.1.1.16012510107846648592255802234,20,-94.154037,-101.415054,28.412264,178.156258,194.978539,-94.369621,-100.732773,22.873068,179.696870,206.312852,-94.859535,-98.780586,17.528246,183.895289,217.229981,-95.613770,-95.612915,12.224469,190.640562,228.044766,-96.564301,-91.486755,7.956951,199.374110,236.722844,-97.691582,-86.496941,4.633680,209.899052,243.454056,-99.074921,-80.275658,2.322915,222.984918,248.093093,-100.618652,-73.226639,1.662720,237.772772,249.339229,-101.967255,-67.049637,1.428130,250.724386,249.726825,-103.340324,-60.770042,1.018456,263.894537,250.471446,-104.658195,-54.711784,1.186045,276.589224,250.037135,-105.877739,-49.039822,2.526211,288.450857,247.207133,-106.957649,-43.915340,5.550160,299.131380,240.936883,-107.673637,-40.462307,8.554954,306.308943,234.730998,-108.210640,-37.743206,13.138739,311.916670,225.302295,-108.467484,-36.269424,18.454733,314.899603,214.392699,-108.406937,-36.220795,24.341621,314.884031,202.335307,-108.150909,-37.116894,29.371998,312.905424,192.046317,-107.559067,-39.577251,33.989994,307.656378,182.625402,-106.819672,-42.731617,38.306416,300.958712,173.832558
48,0,380.973816,140.000000,0.000000,2083.000000,2910640.000000,555.934692,"LATCONDYLECART",-104.185028,-63.246120,13.523873,11.008550,355.729065,7610.196289,18.144102,0.000000,0.000000,0.000000,0.000000,11,1.2.276.0.7230010.3.1.4.0.468.1642711825.443800,1.3.6.1.4.1.19291.2.1.2.16012510107846664404625371563,1.3.6.1.4.1.19291.2.1.1.16012510107846648592255802234,19,-95.687836,-101.520317,26.638227,178.640626,198.644918,-96.042488,-100.213440,20.851833,181.495303,210.476104,-96.696442,-97.525452,15.197968,187.242147,222.015104,-97.647827,-93.450752,9.932170,195.887778,232.738475,-98.812141,-88.345383,5.627923,206.674476,241.477054,-100.081032,-82.666550,3.008089,218.629538,246.757236,-101.534279,-76.059631,1.865337,232.500388,248.998325,-102.778290,-70.360657,1.667641,244.449332,249.317531,-104.244728,-63.673401,0.881091,258.481437,250.827899,-105.625656,-57.334019,0.898905,271.768378,250.696102,-106.934334,-51.275993,1.823516,284.447486,248.711376,-108.076775,-45.889744,4.392538,295.685737,243.368915,-109.050728,-41.222137,7.947314,305.398047,236.018367,-109.651543,-38.196014,12.786248,311.644187,226.062480,-109.921028,-36.662525,18.132225,314.751677,215.090599,-109.914818,-36.383076,23.684252,315.226592,203.715541,-109.676086,-37.196663,28.771040,313.419814,193.309772,-108.923119,-40.339127,34.424412,306.720400,181.778604,-108.216309,-43.361565,38.422916,300.305595,173.634896
49,0,363.990723,140.000000,0.000000,2015.000000,2829300.000000,525.315247,"LATCONDYLECART",-105.405266,-64.716721,13.082103,11.070096,358.071869,7698.404785,18.354408,0.000000,0.000000,0.000000,0.000000,11,1.2.276.0.7230010.3.1.4.0.468.1642711825.443801,1.3.6.1.4.1.19291.2.1.2.16012510107846664404625371563,1.3.6.1.4.1.19291.2.1.1.16012510107846648592255802234,20,-97.008972,-102.370476,29.032120,177.480463,193.786359,-97.273636,-101.459480,23.555706,179.499202,204.988641,-97.884010,-98.996414,17.453377,184.783552,217.449511,-98.664703,-95.702919,12.228061,191.790962,228.101711,-99.603722,-91.616730,8.192506,200.436119,236.305316,-100.635086,-87.048897,5.198511,210.070015,242.368495,-102.055870,-80.666702,2.690813,223.497078,247.408443,-103.319420,-74.897575,2.140981,235.600075,248.447795,-104.795456,-68.168846,1.307964,249.720055,250.052707,-105.999062,-62.679348,0.677097,261.238579,251.262225,-107.168320,-57.309647,0.728643,272.492409,251.075931,-108.327866,-51.930370,1.756797,283.746788,248.889339,-109.525467,-46.291676,4.312559,295.514443,243.570232,-110.404823,-42.077263,7.525046,304.283682,236.927529,-111.004112,-39.089775,11.793758,310.460228,228.140083,-111.296524,-37.492897,16.385773,313.715645,218.711383,-111.393188,-36.782066,21.201881,315.109406,208.837058,-111.260147,-37.116299,26.184645,314.309410,198.637113,-110.665451,-39.514183,32.164814,309.164125,186.425460,-109.819466,-43.122849,37.110970,301.501668,176.349733
50,0,350.714081,145.000000,0.000000,1981.000000,2265613.000000,495.111633,"LATCONDYLECART",-107.454819,-62.361691,12.984912,10.049948,333.630280,6380.267578,15.211727,0.000000,0.000000,0.000000,0.000000,11,1.2.276.0.7230010.3.1.4.0.468.1642711825.443802,1.3.6.1.4.1.19291.2.1.2.16012510107846664404625371563,1.3.6.1.4.1.19291.2.1.1.16012510107846648592255802234,18,-99.204765,-99.790878,20.882902,183.719495,210.469073,-99.970634,-96.567230,15.625251,190.581174,221.188546,-100.811913,-92.945518,11.304216,198.258477,229.983811,-101.858879,-88.344582,7.615691,207.975611,237.468927,-103.147583,-82.590797,4.708326,220.093514,243.336862,-104.505013,-76.463219,2.851806,232.973914,247.047000,-105.782921,-70.644264,2.012608,245.187129,248.678241,-106.397191,-67.838098,1.772651,251.073626,249.127495,-107.376266,-63.389965,0.947482,260.413323,250.750606,-108.861633,-56.580437,0.799203,274.689004,250.951915,-110.262451,-50.040237,2.791722,288.357430,246.772808,-111.439331,-44.470547,5.818007,299.971047,240.491085,-112.281181,-40.360161,10.258522,308.497750,231.334881,-112.752411,-37.892704,15.748885,313.559937,220.053245,-112.823502,-37.247021,21.506485,314.798379,208.251663,-112.537430,-38.220394,27.629812,312.635982,195.725402,-111.932770,-40.705982,32.853428,307.321950,185.064523,-111.183220,-43.894775,37.389107,300.547765,175.823168
51,0,378.729736,155.000000,0.000000,1947.000000,1687241.000000,512.353760,"LATCONDYLECART",-110.458084,-55.643272,12.633722,8.309182,286.952240,4372.161133,10.424033,0.000000,0.000000,0.000000,0.000000,11,1.2.276.0.7230010.3.1.4.0.468.1642711825.443803,1.3.6.1.4.1.19291.2.1.2.16012510107846664404625371563,1.3.6.1.4.1.19291.2.1.1.16012510107846648592255802234,15,-102.929176,-90.350616,9.928812,204.394399,232.793180,-104.055023,-85.367981,6.594537,214.904498,239.547049,-105.381538,-79.409424,4.249842,227.440366,244.259524,-107.037018,-71.892693,2.774442,243.224802,247.168210,-108.480637,-65.330765,1.617090,257.001657,249.439878,-109.873032,-58.970898,1.055314,270.343088,250.494809,-111.218872,-52.741936,1.986545,283.380335,248.493955,-112.359268,-47.371357,4.441915,294.588007,243.384496,-113.314651,-42.801727,7.767431,304.099558,236.504964,-113.942459,-39.663559,12.392664,310.584818,226.985059,-114.189552,-38.270180,17.065735,313.412035,217.393422,-114.154259,-38.102093,23.016096,313.645593,205.204236,-113.808937,-39.407635,28.054045,310.808666,194.905885,-113.374107,-41.166946,32.318687,307.036027,186.198119,-112.752731,-43.801338,36.242626,301.436057,178.201287
52,0,452.810181,160.000000,5.000000,1928.000000,1245228.000000,566.649170,"LATCONDYLECART",-112.580528,-53.049347,10.811688,6.559042,237.614288,2667.406494,6.359586,0.000000,0.000000,0.000000,0.000000,11,1.2.276.0.7230010.3.1.4.0.468.1642711825.443804,1.3.6.1.4.1.19291.2.1.2.16012510107846664404625371563,1.3.6.1.4.1.19291.2.1.1.16012510107846648592255802234,13,-106.579269,-80.907181,5.180261,224.952099,242.407963,-107.705109,-75.810692,3.899678,235.659853,244.954044,-108.956894,-70.132385,2.685930,247.585749,247.354490,-110.255249,-64.230453,1.650721,259.976801,249.385931,-111.609367,-58.031483,1.355413,272.975672,249.897543,-112.804962,-52.476082,2.575329,284.595408,247.315565,-114.001816,-46.840824,5.131116,296.355845,241.996458,-114.840759,-42.818790,8.219729,304.724324,235.610345,-115.398781,-40.026958,12.375820,310.493042,227.056485,-115.626526,-38.705116,17.360546,313.164121,216.827634,-115.595993,-38.582932,22.089729,313.325838,207.140186,-115.291885,-39.718292,26.785418,310.852413,197.540239,-114.880295,-41.360241,31.242216,307.321967,188.437163
53,0,537.799988,184.000000,10.000000,1860.000000,911571.000000,599.035278,"LATCONDYLECART",-114.353630,-52.035904,9.404181,5.240553,195.738663,1656.758545,3.950016,0.000000,0.000000,0.000000,0.000000,11,1.2.276.0.7230010.3.1.4.0.468.1642711825.443805,1.3.6.1.4.1.19291.2.1.2.16012510107846664404625371563,1.3.6.1.4.1.19291.2.1.1.16012510107846648592255802234,10,-109.494415,-74.620049,4.345740,238.816072,244.054057,-110.800072,-68.715805,2.747921,251.223201,247.237722,-112.111046,-62.749664,1.825732,263.746593,249.036710,-113.432274,-56.672195,2.061337,276.480205,248.462812,-114.756561,-50.494480,3.852056,289.392879,244.702451,-115.857841,-45.285286,6.634714,300.255779,238.925115,-116.540825,-41.928452,10.636710,307.211796,230.678347,-116.919762,-39.908966,15.687644,311.343805,220.303404,-116.937363,-39.578785,20.183371,311.946146,211.090954,-116.686172,-40.405392,26.066559,310.096154,199.054300
54,0,682.785217,392.000000,0.000000,1904.000000,731263.000000,586.389648,"LATCONDYLECART",-115.932816,-51.889629,8.409122,4.256628,162.469406,1038.793335,2.476674,0.000000,0.000000,0.000000,0.000000,11,1.2.276.0.7230010.3.1.4.0.468.1642711825.443806,1.3.6.1.4.1.19291.2.1.2.16012510107846664404625371563,1.3.6.1.4.1.19291.2.1.1.16012510107846648592255802234,9,-112.047989,-69.988258,3.587460,249.208986,245.568886,-113.074905,-65.332581,2.545128,258.988034,247.633657,-114.248207,-59.971207,2.112056,270.234082,248.440000,-115.475563,-54.279762,3.156932,282.142437,246.214483,-116.542610,-49.279499,5.005705,292.586026,242.352919,-117.465065,-44.869221,8.183510,301.766512,235.778312,-118.097702,-41.737778,12.287548,308.248066,227.325945,-118.292778,-40.605103,16.565643,310.536780,218.547156,-118.150558,-40.943203,22.238110,309.714906,206.934719
